2004 494 477
2004 701 684
2004 2565 2549
2004 2571 2555
2004 2767 2750
2004 2834 2810
2005 191 172
2005 2674 2654
2006 505 489
2006 524 506
2007 291 273
2007 1971 1955
2008 207 188
2008 496 479
2008 519 498
2008 623 595
2008 2419 2399
2008 2419 2398
2008 2604 2585
2008 2669 2652
2009 469 446
2010 240 220
2010 250 229
2010 267 249
2010 271 254
2010 440 422
2010 492 476
2010 589 573
2010 642 625
2010 2279 2260
2010 2634 2617
2010 2637 2617
2010 2712 2693
2010 2752 2732
2010 2848 2828
2011 308 287
2011 565 547
2011 579 561
2011 655 633
2011 650 633
2011 664 2697
2011 2726 2698
2012 563 546
2012 628 605
2014 2838 2820
2015 331 315
2015 350 332
2015 658 642
2015 2399 2382
2015 2588 2570
2015 2588 2570
2004 495 477
2004 422 405
2004 246 225
2004 224 205
