2006 2372 2390
2006 2652 2672
2006 2771 2790
2006 2891 2909
2007 483 503
2007 506 526
2007 513 532
2007 826 848
2007 2199 2219
2007 2677 2695
2007 2708 2727
2007 2712 2730
2007 2710 2725
2007 2709 2726
2007 2710 2733
2007 2730 2745
2007 2732 2746
2007 2733 2751
2007 2754 2778
2007 2765 2784
2007 2832 2851
2007 2832 2852
2007 2890 2907
2008 36 55
2008 43 75
2008 51 72
2008 122 139
2008 123 140
2008 824 847
2008 2210 2227
2008 2211 2231
2008 2354 2376
2008 2552 2570
2008 2676 2696
2008 2787 2813
2009 86 111
2009 116 136
2009 210 231
2009 743 762
2009 1021 1041
2009 2845 2865
2009 2862 2885
2010 96 116
2010 106 129
2010 385 406
