2002 189 172
2002 441 420
2002 488 469
2002 555 532
2002 2838 2821
2003 244 219
2003 2910 2893
2004 229 204
2004 233 209
2004 246 227
2004 426 404
2004 495 477
2004 700 710
2004 726 2548
2004 2571 2549
2004 2570 2553
2004 2772 2750
2004 2833 2811
2005 113 94
2005 190 170
2005 601 580
2005 2671 2654
2006 527 509
2006 651 621
2006 2504 2485
2007 211 194
2007 290 273
2007 1970 1954
2008 207 189
2008 507 488
2008 519 497
2008 620 596
2008 2416 2399
2008 2607 2587
2008 2672 2651
2009 293 274
2009 468 447
2009 702 680
2010 240 222
2010 247 231
2010 271 254
2010 439 423
2010 493 476
2010 597 573
2010 642 626
2010 2635 2617
2011 312 287
