2000 233 253
2000 534 554
2001 266 286
2001 274 299
2001 2450 2475
2001 2513 2534
2002 172 193
2002 169 189
2002 177 204
2002 177 198
2002 185 206
2002 419 441
2002 468 489
2002 532 556
2002 2820 2839
2003 217 245
2003 2889 2914
2004 206 234
2004 224 247
2004 228 247
2004 404 426
2004 476 495
2004 682 703
2004 682 701
2004 683 702
2004 2549 2572
2004 2550 2570
2004 2749 2773
2004 2810 2834
2005 92 114
2005 163 187
2005 170 191
2005 578 601
2005 2647 2674
2006 506 529
2006 620 652
2006 626 652
2006 2484 2506
2006 2485 2512
2007 193 212
2007 271 292
2007 271 292
2007 1951 1972
2008 188 210
2008 485 508
2008 495 519
2008 594 621
2008 613 636
2008 2396 2429
2008 2396 2428
2008 2575 2599
2008 2586 2608
2008 2592 2613
2008 2650 2674
2009 272 293
2009 273 293
2009 445 469
2009 445 466
2009 679 703
2010 221 242
2010 228 250
2010 243 272
2010 420 443
2010 469 493
2010 469 493
2010 571 597
2010 625 643
2010 1197 1214
2010 2617 2636
2010 2691 2716
2010 2694 2719
2010 2701 2721
2010 2703 2722
2010 2705 2731
2010 2705 2731
2010 2731 2754
2011 283 311
2011 282 311
2011 295 314
2011 295 316
2011 297 315
2011 539 567
2011 553 573
2011 562 583
2011 631 661
2011 633 651
2011 633 654
2011 635 654
2011 2631 2659
2011 2697 2729
2012 546 565
2012 602 633
2012 602 623
2012 602 621
2012 614 636
2012 2377 2397
2013 236 261
2013 498 522
2013 513 535
2013 666 690
2013 746 772
2014 817 841
