2000 1
2000 1
2000 1
2000 1
2000 1
2000 1
2000 1
2000 1
2000 1
2000 3
2000 3
2000 3
2000 3
2000 3
2000 3
2000 3
2000 3
2000 3
2000 3
2000 3
2000 3
2000 3
2001 2
2001 2
2001 2
2001 2
2001 2
2001 2
2001 2
2001 2
2001 2
2001 2
2001 2
2001 2
2001 2
2001 2
2001 2
2001 2
2001 2
2001 2
2001 2
2001 2
2001 2
2001 2
2001 2
2001 2
2001 2
2001 2
2001 2
2001 2
2001 2
2001 2
2001 2
2001 2
2001 2
2001 2
2001 2
2001 2
2001 2
2001 2
2001 2
2001 2
2001 2
2001 11
2001 11
2001 11
2001 11
2001 11
2001 11
2001 11
2001 11
2001 11
2001 11
2001 11
2001 11
2001 11
2001 11
2001 11
2001 11
2001 11
2001 11
2001 11
2001 11
2001 11
2001 11
2001 11
2001 11
2001 11
2001 11
2001 11
2001 11
2001 11
2001 11
2001 11
2001 11
2001 11
2001 11
2001 11
2001 11
2001 11
2001 11
2001 11
2001 11
2001 11
2001 11
2002 1
2002 1
2002 1
2002 1
2002 1
2002 1
2002 1
2002 1
2002 1
2002 1
2002 1
2002 1
2002 1
2002 1
2002 1
2002 1
2002 1
2002 1
2002 1
2002 1
2002 1
2002 1
2002 1
2002 1
2002 1
2002 1
2002 1
2002 1
2002 1
2002 1
2002 1
2002 1
2002 1
2002 1
2002 1
2002 1
2002 1
2002 1
2002 1
2002 1
2002 1
2002 1
2002 1
2002 1
2002 1
2002 1
2002 1
2002 1
2002 1
2002 1
2002 1
2002 1
2002 1
2002 1
2002 1
2002 1
2002 1
2002 1
2002 1
2002 1
2002 1
2002 1
2002 1
2002 1
2002 1
2002 1
2002 1
2002 1
2002 1
2002 1
2002 1
2002 1
2002 1
2002 1
2002 1
2002 1
2002 1
2002 1
2002 1
2002 1
2002 1
2002 1
2002 1
2002 1
2002 1
2002 1
2002 1
2002 1
2002 1
2002 1
2002 1
2002 1
2002 1
2002 2
2002 2
2002 2
2002 2
2002 2
2002 2
2002 2
2002 2
2002 2
2002 2
2002 2
2002 2
2002 2
2002 2
2002 2
2002 2
2002 2
2002 2
2002 2
2002 2
2002 3
2002 3
2002 3
2002 3
2002 3
2002 3
2002 3
2002 3
2002 3
2002 3
2002 3
2002 3
2002 3
2002 3
2002 3
2002 3
2002 3
2002 3
2002 3
2002 3
2002 3
2002 3
2002 3
2002 3
2002 3
2002 3
2002 3
2002 3
2002 3
2002 3
2002 3
2002 3
2002 3
2002 3
2002 3
2002 3
2002 3
2002 3
2002 3
2002 3
2002 12
2002 12
2002 12
2002 12
2002 12
2002 12
2002 12
2002 12
2002 12
2002 12
2002 12
2003 1
2003 1
2003 1
2003 1
2003 1
2003 1
2003 1
2003 1
2003 1
2003 1
2003 1
2003 1
2003 1
2003 1
2003 1
2003 1
2003 1
2003 1
2003 1
2003 1
2003 1
2003 1
2003 1
2003 1
2003 1
2003 1
2003 1
2003 1
2003 1
2003 1
2003 1
2003 1
2003 1
2003 1
2003 1
2003 1
2003 12
2003 12
2003 12
2003 12
2003 12
2003 12
2003 12
2003 12
2003 12
2003 12
2003 12
2003 12
2003 12
2003 12
2003 12
2003 12
2003 12
2003 12
2003 12
2003 12
2003 12
2003 12
2003 12
2003 12
2003 12
2003 12
2004 1
2004 1
2004 1
2004 1
2004 1
2004 1
2004 1
2004 1
2004 1
2004 1
2004 1
2004 1
2004 1
2004 1
2004 1
2004 1
2004 1
2004 1
2004 1
2004 1
2004 1
2004 1
2004 1
2004 1
2004 1
2004 1
2004 1
2004 1
2004 1
2004 1
2004 1
2004 1
2004 1
2004 1
2004 1
2004 1
2004 1
2004 1
2004 1
2004 1
2004 1
2004 1
2004 1
2004 1
2004 1
2004 1
2004 1
2004 1
2004 1
2004 1
2004 1
2004 1
2004 1
2004 1
2004 1
2004 1
2004 1
2004 1
2004 1
2004 1
2004 1
2004 1
2004 1
2004 1
2004 1
2004 1
2004 1
2004 1
2004 1
2004 1
2004 1
2004 2
2004 2
2004 2
2004 2
2004 2
2004 2
2004 2
2004 2
2004 2
2004 2
2004 2
2004 2
2004 2
2004 2
2004 2
2004 2
2004 2
2004 2
2004 3
2004 3
2004 3
2004 3
2004 3
2004 3
2004 3
2004 3
2004 3
2004 3
2004 3
2004 3
2004 3
2004 3
2004 3
2004 3
2004 3
2004 3
2004 3
2004 3
2004 3
2004 3
2004 3
2004 3
2004 3
2004 3
2004 3
2004 3
2004 3
2004 3
2004 3
2004 3
2004 3
2004 3
2004 3
2004 3
2004 3
2004 3
2004 3
2004 3
2004 3
2004 3
2004 3
2004 3
2004 3
2004 3
2004 3
2004 3
2004 3
2004 3
2004 11
2004 11
2004 11
2004 11
2004 11
2004 11
2004 11
2004 11
2004 11
2004 11
2004 11
2004 11
2004 11
2004 11
2004 11
2004 11
2004 11
2004 11
2004 11
2004 11
2004 11
2004 11
2004 11
2004 11
2004 11
2004 11
2004 11
2004 11
2004 11
2004 11
2004 11
2004 11
2004 11
2004 11
2004 11
2004 11
2004 11
2004 11
2004 11
2004 12
2004 12
2004 12
2004 12
2004 12
2004 12
2004 12
2004 12
2004 12
2004 12
2004 12
2004 12
2004 12
2004 12
2004 12
2004 12
2004 12
2004 12
2004 12
2004 12
2004 12
2004 12
2004 12
2004 12
2004 12
2004 12
2004 12
2004 12
2004 12
2004 12
2004 12
2004 12
2004 12
2004 12
2004 12
2004 12
2004 12
2004 12
2004 12
2004 12
2004 12
2004 12
2004 12
2004 12
2004 12
2004 12
2004 12
2005 1
2005 1
2005 1
2005 1
2005 1
2005 1
2005 1
2005 1
2005 1
2005 1
2005 1
2005 1
2005 1
2005 1
2005 1
2005 1
2005 1
2005 1
2005 1
2005 1
2005 1
2005 1
2005 1
2005 1
2005 1
2005 1
2005 1
2005 1
2005 1
2005 1
2005 1
2005 1
2005 1
2005 1
2005 1
2005 1
2005 1
2005 1
2005 1
2005 1
2005 1
2005 1
2005 1
2005 1
2005 1
2005 1
2005 1
2005 1
2005 1
2005 1
2005 1
2005 1
2005 1
2005 1
2005 1
2005 1
2005 1
2005 1
2005 1
2005 1
2005 1
2005 1
2005 3
2005 3
2005 3
2005 3
2005 3
2005 3
2005 3
2005 3
2005 3
2005 3
2005 3
2005 3
2005 3
2005 3
2005 3
2005 3
2005 3
2005 3
2005 3
2005 3
2005 3
2005 11
2005 11
2005 11
2005 11
2005 11
2005 11
2005 11
2005 11
2005 11
2005 11
2005 11
2005 11
2005 11
2005 11
2005 11
2005 11
2005 11
2005 11
2005 11
2005 11
2005 11
2005 11
2005 11
2005 11
2005 11
2005 11
2005 11
2005 11
2005 11
2005 11
2005 11
2005 11
2005 11
2005 11
2006 3
2006 3
2006 3
2006 3
2006 3
2006 3
2006 3
2006 3
2006 3
2006 3
2006 3
2006 3
2006 3
2006 3
2006 3
2006 3
2006 3
2006 3
2006 3
2006 3
2006 3
2006 3
2006 3
2006 3
2006 3
2006 3
2006 3
2006 3
2006 3
2006 3
2006 3
2006 3
2006 3
2006 3
2006 3
2006 3
2006 3
2006 3
2006 3
2006 3
2006 3
2006 3
2006 3
2006 3
2006 3
2006 3
2006 3
2006 3
2006 3
2006 3
2006 3
2006 3
2006 3
2006 3
2006 3
2006 3
2006 3
2006 3
2006 3
2006 3
2006 3
2006 3
2006 3
2006 3
2006 3
2006 3
2006 3
2006 3
2006 3
2006 3
2006 3
2006 3
2006 3
2006 3
2006 3
2006 3
2006 3
2006 3
2006 3
2006 3
2006 3
2006 3
2006 3
2006 3
2006 3
2006 3
2006 3
2006 3
2006 3
2006 3
2006 3
2006 3
2006 3
2006 3
2006 3
2006 3
2006 3
2006 3
2006 3
2006 3
2006 3
2006 3
2006 11
2006 11
2006 11
2006 11
2006 11
2006 11
2006 11
2006 11
2006 11
2006 11
2006 11
2006 11
2006 11
2006 11
2006 11
2006 11
2006 11
2006 11
2006 11
2006 11
2006 11
2006 11
2006 11
2006 11
2006 11
2006 11
2006 11
2006 11
2006 11
2006 11
2006 11
2006 11
2006 11
2006 11
2006 11
2006 11
2006 11
2006 11
2006 11
2006 11
2006 11
2006 11
2006 11
2006 11
2006 11
2006 11
2006 11
2006 11
2006 11
2006 11
2006 11
2007 1
2007 1
2007 1
2007 1
2007 1
2007 1
2007 1
2007 1
2007 1
2007 1
2007 1
2007 2
2007 2
2007 2
2007 2
2007 2
2007 2
2007 2
2007 2
2007 2
2007 2
2007 2
2007 2
2007 2
2007 2
2007 2
2007 2
2007 2
2007 2
2007 2
2007 2
2007 2
2007 2
2007 2
2007 2
2007 2
2007 2
2007 2
2007 2
2007 2
2007 2
2007 9
2007 9
2007 9
2007 9
2007 9
2007 9
2007 9
2007 9
2007 9
2007 9
2007 9
2007 9
2007 9
2007 9
2007 9
2008 1
2008 1
2008 1
2008 1
2008 1
2008 1
2008 1
2008 1
2008 1
2008 1
2008 1
2008 1
2008 1
2008 1
2008 1
2008 1
2008 1
2008 1
2008 3
2008 3
2008 3
2008 3
2008 3
2008 3
2008 3
2008 3
2008 3
2008 3
2008 3
2008 3
2008 3
2008 3
2008 3
2008 3
2008 3
2008 3
2008 3
2008 3
2008 3
2008 3
2008 3
2008 3
2008 3
2008 3
2008 3
2008 3
2008 3
2008 3
2008 3
2008 3
2008 3
2008 3
2008 3
2008 3
2008 3
2008 3
2008 3
2008 3
2008 3
2008 3
2008 3
2008 3
2008 3
2008 3
2008 3
2008 3
2008 3
2008 3
2008 3
2008 3
2008 3
2008 3
2008 3
2008 3
2008 3
2008 3
2008 3
2008 3
2008 3
2008 3
2008 3
2008 3
2008 3
2008 3
2008 3
2008 3
2008 3
2008 3
2008 3
2008 3
2008 3
2008 3
2008 3
2008 3
2008 3
2008 3
2008 3
2008 3
2008 3
2008 3
2008 3
2008 3
2008 3
2008 3
2008 3
2008 3
2008 3
2008 3
2008 3
2008 3
2008 3
2008 3
2008 3
2008 3
2008 3
2008 3
2008 3
2008 3
2008 3
2008 3
2008 3
2008 3
2008 10
2008 10
2008 10
2008 10
2008 10
2008 10
2008 10
2008 10
2008 10
2008 10
2008 10
2008 10
2008 10
2008 10
2008 10
2008 10
2008 10
2008 10
2008 10
2008 10
2008 10
2008 10
2008 10
2008 10
2008 10
2008 10
2008 10
2008 10
2008 10
2008 10
2008 10
2008 10
2008 10
2008 10
2008 10
2008 10
2008 10
2008 10
2008 10
2008 10
2008 10
2008 10
2008 10
2008 10
2008 10
2008 10
2008 10
2008 10
2008 10
2008 10
2008 10
2008 10
2008 10
2008 10
2008 10
2008 10
2008 10
2008 10
2008 10
2008 10
2008 10
2008 10
2008 10
2008 10
2008 10
2008 10
2008 10
2008 10
2008 10
2008 10
2008 10
2008 10
2008 10
2008 10
2008 10
2008 10
2008 10
2008 10
2008 10
2008 10
2008 10
2008 10
2008 10
2008 10
2008 10
2008 10
2008 10
2008 10
2008 10
2008 10
2008 10
2008 10
2008 10
2008 10
2008 10
2008 10
2008 10
2008 10
2008 10
2008 10
2008 10
2008 10
2008 10
2008 11
2008 11
2008 11
2008 11
2008 11
2008 11
2008 11
2008 11
2008 11
2008 11
2008 11
2008 11
2008 11
2008 11
2008 11
2008 11
2008 11
2008 11
2008 11
2008 11
2008 11
2008 11
2008 11
2008 11
2008 11
2008 11
2008 11
2008 11
2008 11
2008 11
2008 11
2008 11
2008 11
2008 11
2008 11
2008 11
2008 11
2008 11
2008 11
2008 11
2008 11
2008 11
2008 11
2008 11
2008 11
2008 11
2008 11
2008 11
2008 11
2008 11
2008 11
2008 11
2008 11
2008 11
2008 11
2008 11
2008 11
2008 11
2008 11
2008 11
2008 11
2008 11
2008 11
2008 11
2008 11
2008 11
2008 11
2008 11
2008 11
2008 11
2008 11
2008 11
2008 11
2008 11
2008 11
2008 11
2008 11
2008 11
2008 11
2008 11
2008 11
2008 11
2008 11
2008 11
2008 11
2008 11
2008 11
2009 2
2009 2
2009 2
2009 2
2009 2
2009 2
2009 2
2009 2
2009 2
2009 2
2009 2
2009 2
2009 2
2009 2
2009 2
2009 2
2009 2
2009 2
2009 2
2009 2
2009 2
2009 2
2009 2
2009 2
2009 2
2009 2
2009 2
2009 2
2009 2
2009 2
2009 2
2009 2
2009 2
2009 2
2009 2
2009 2
2009 2
2009 2
2009 2
2009 2
2009 2
2009 2
2009 2
2009 2
2009 2
2009 2
2009 2
2009 2
2009 2
2009 2
2009 2
2009 2
2009 2
2009 2
2009 2
2009 2
2009 2
2009 2
2009 2
2009 2
2009 2
2009 2
2009 2
2009 2
2009 2
2009 2
2009 2
2009 2
2009 2
2009 2
2009 2
2009 2
2009 3
2009 3
2009 3
2009 3
2009 3
2009 3
2009 3
2009 3
2009 3
2009 3
2009 3
2009 3
2009 3
2009 3
2009 3
2009 3
2009 3
2009 3
2009 3
2009 3
2009 3
2009 3
2009 3
2009 3
2009 3
2009 3
2009 3
2010 1
2010 1
2010 1
2010 1
2010 1
2010 1
2010 1
2010 1
2010 1
2010 1
2010 1
2010 1
2010 1
2010 1
2010 1
2010 1
2010 1
2010 1
2010 1
2010 1
2010 1
2010 1
2010 1
2010 1
2010 1
2010 1
2010 1
2010 1
2010 1
2010 1
2010 1
2010 1
2010 1
2010 1
2010 1
2010 1
2010 1
2010 2
2010 2
2010 2
2010 2
2010 2
2010 2
2010 2
2010 2
2010 2
2010 2
2010 2
2010 2
2010 2
2010 2
2010 2
2010 2
2010 2
2010 2
2010 2
2010 2
2010 2
2010 2
2010 2
2010 2
2010 2
2010 2
2010 2
2010 2
2010 2
2010 2
2010 2
2010 2
2010 2
2010 2
2010 2
2010 2
2010 2
2010 2
2010 2
2010 2
2010 2
2010 2
2010 2
2010 2
2010 2
2010 2
2010 2
2010 2
2010 2
2010 2
2010 2
2010 2
2010 2
2010 2
2010 2
2010 2
2010 2
2010 2
2010 2
2010 2
2010 3
2010 3
2010 3
2010 3
2010 3
2010 3
2010 3
2010 3
2010 3
2010 3
2010 3
2010 3
2010 3
2010 3
2010 3
2010 3
2010 3
2010 3
2010 3
2010 3
2010 3
2010 3
2010 3
2010 3
2010 3
2010 3
2010 3
2010 3
2010 3
2010 3
2010 3
2010 3
2010 3
2010 3
2010 3
2010 3
2010 3
2010 3
2010 3
2010 3
2010 3
2010 3
2010 3
2010 3
2010 3
2010 3
2010 3
2010 3
2010 3
2010 3
2010 3
2010 3
2010 3
2010 3
2010 3
2010 3
2010 3
2010 3
2010 3
2010 3
2010 3
2010 3
2010 3
2010 3
2010 3
2010 3
2010 3
2010 3
2010 3
2010 3
2010 3
2010 3
2010 3
2010 3
2010 3
2010 3
2010 3
2010 3
2010 3
2010 3
2010 3
2010 3
2010 3
2010 3
2010 3
2010 3
2010 5
2010 5
2010 11
2010 11
2010 11
2010 11
2010 11
2010 11
2010 11
2010 11
2010 11
2010 11
2010 11
2010 12
2010 12
2010 12
2010 12
2010 12
2010 12
2010 12
2010 12
2010 12
2010 12
2010 12
2010 12
2010 12
2010 12
2010 12
2010 12
2010 12
2010 12
2010 12
2010 12
2010 12
2010 12
2010 12
2010 12
2010 12
2010 12
2010 12
2010 12
2010 12
2010 12
2010 12
2010 12
2010 12
2010 12
2010 12
2010 12
2010 12
2010 12
2010 12
2010 12
2010 12
2010 12
2010 12
2010 12
2010 12
2010 12
2010 12
2010 12
2010 12
2010 12
2010 12
2010 12
2010 12
2010 12
2010 12
2010 12
2010 12
2010 12
2010 12
2010 12
2010 12
2010 12
2010 12
2010 12
2010 12
2010 12
2010 12
2010 12
2010 12
2010 12
2010 12
2010 12
2010 12
2010 12
2010 12
2010 12
2010 12
2010 12
2010 12
2010 12
2010 12
2010 12
2010 12
2010 12
2010 12
2010 12
2010 12
2010 12
2010 12
2010 12
2010 12
2010 12
2010 12
2010 12
2010 12
2010 12
2010 12
2010 12
2010 12
2010 12
2010 12
2010 12
2010 12
2010 12
2010 12
2010 12
2010 12
2010 12
2010 12
2010 12
2010 12
2010 12
2010 12
2010 12
2010 12
2010 12
2010 12
2010 12
2010 12
2010 12
2010 12
2010 12
2010 12
2010 12
2010 12
2010 12
2010 12
2010 12
2010 12
2010 12
2010 12
2010 12
2010 12
2010 12
2010 12
2010 12
2010 12
2010 12
2010 12
2010 12
2010 12
2010 12
2010 12
2010 12
2010 12
2010 12
2010 12
2010 12
2010 12
2010 12
2010 12
2010 12
2010 12
2010 12
2010 12
2010 12
2010 12
2010 12
2010 12
2010 12
2010 12
2011 2
2011 2
2011 2
2011 2
2011 2
2011 2
2011 2
2011 2
2011 2
2011 2
2011 2
2011 2
2011 2
2011 2
2011 2
2011 2
2011 2
2011 2
2011 2
2011 2
2011 2
2011 2
2011 2
2011 2
2011 2
2011 2
2011 2
2011 2
2011 2
2011 2
2011 2
2011 2
2011 2
2011 2
2011 2
2011 2
2011 2
2011 2
2011 2
2011 2
2011 2
2011 2
2011 2
2011 2
2011 2
2011 2
2011 2
2011 2
2011 2
2011 2
2011 2
2011 2
2011 2
2011 2
2011 2
2011 2
2011 2
2011 2
2011 2
2011 2
2011 2
2011 2
2011 2
2011 2
2011 2
2011 2
2011 2
2011 2
2011 2
2011 2
2011 2
2011 2
2011 2
2011 2
2011 2
2011 2
2011 2
2011 2
2011 2
2011 2
2011 2
2011 2
2011 2
2011 2
2011 2
2011 2
2011 2
2011 2
2011 2
2011 2
2011 2
2011 2
2011 2
2011 2
2011 2
2011 2
2011 2
2011 2
2011 2
2011 2
2011 2
2011 2
2011 2
2011 2
2011 2
2011 2
2011 2
2011 2
2011 2
2011 2
2011 3
2011 3
2011 3
2011 3
2011 3
2011 3
2011 3
2011 3
2011 3
2011 3
2011 3
2011 3
2011 3
2011 3
2011 3
2011 3
2011 3
2011 3
2011 3
2011 3
2011 3
2011 3
2011 3
2011 3
2011 3
2011 3
2011 3
2011 3
2011 3
2011 3
2011 3
2011 3
2011 3
2011 3
2011 3
2011 3
2011 3
2011 3
2011 3
2011 3
2011 3
2011 3
2011 3
2011 3
2011 3
2011 3
2011 3
2011 3
2011 3
2011 3
2011 3
2011 3
2011 3
2011 3
2011 3
2011 3
2011 3
2011 3
2011 3
2011 3
2011 3
2011 3
2011 3
2011 3
2011 3
2011 3
2011 3
2011 3
2011 3
2011 3
2011 3
2011 3
2011 3
2011 3
2011 3
2011 3
2011 3
2011 3
2011 3
2011 3
2011 3
2011 3
2011 3
2011 3
2011 3
2011 3
2011 3
2011 3
2011 3
2011 3
2011 3
2011 3
2011 3
2011 3
2011 3
2011 3
2011 3
2011 3
2011 3
2011 3
2011 3
2011 3
2011 3
2011 3
2011 3
2011 3
2011 3
2011 3
2011 3
2011 3
2011 3
2011 3
2011 3
2011 3
2011 3
2011 3
2011 3
2011 3
2011 3
2011 3
2011 3
2011 3
2011 3
2011 3
2011 3
2011 3
2011 3
2011 3
2011 3
2011 3
2011 3
2011 3
2011 3
2011 3
2011 3
2011 3
2011 3
2011 3
2011 11
2011 11
2011 11
2011 11
2011 11
2011 11
2011 11
2011 11
2011 11
2011 11
2011 11
2011 11
2011 11
2011 11
2011 11
2011 11
2011 11
2011 11
2011 11
2011 11
2011 11
2011 11
2011 11
2011 11
2011 11
2011 11
2011 11
2011 11
2011 11
2011 11
2011 11
2011 11
2011 11
2011 11
2011 11
2011 12
2011 12
2011 12
2011 12
2011 12
2011 12
2011 12
2011 12
2011 12
2011 12
2011 12
2011 12
2011 12
2011 12
2011 12
2011 12
2011 12
2011 12
2011 12
2011 12
2011 12
2011 12
2011 12
2011 12
2011 12
2011 12
2011 12
2011 12
2011 12
2011 12
2011 12
2011 12
2011 12
2011 12
2011 12
2011 12
2011 12
2011 12
2011 12
2011 12
2011 12
2011 12
2011 12
2011 12
2011 12
2011 12
2011 12
2011 12
2011 12
2011 12
2012 3
2012 3
2012 3
2012 3
2012 3
2012 3
2012 3
2012 3
2012 3
2012 3
2012 3
2012 3
2012 3
2012 3
2012 3
2012 3
2012 3
2012 3
2012 3
2012 3
2012 3
2012 3
2012 3
2012 3
2012 3
2012 3
2012 3
2012 3
2012 3
2012 3
2012 3
2012 3
2012 3
2012 3
2012 3
2012 3
2012 3
2012 3
2012 3
2012 3
2012 3
2012 3
2012 3
2012 3
2012 3
2012 3
2012 3
2012 3
2012 3
2012 3
2012 3
2012 3
2012 3
2012 3
2012 3
2012 3
2012 3
2012 3
2012 3
2012 3
2012 3
2012 3
2012 3
2012 3
2012 3
2012 3
2012 3
2012 3
2012 3
2012 3
2012 3
2012 3
2012 3
2012 3
2012 3
2012 3
2012 3
2012 3
2012 3
2012 3
2012 3
2012 3
2012 3
2012 3
2012 3
2012 3
2012 3
2012 3
2012 3
2012 3
2012 3
2012 3
2012 3
2012 3
2012 3
2012 3
2012 3
2012 3
2012 3
2012 3
2012 3
2012 3
2012 10
2012 10
2012 10
2012 10
2012 10
2012 10
2012 10
2012 10
2012 10
2012 10
2012 10
2012 10
2013 1
2013 1
2013 1
2013 1
2013 1
2013 1
2013 1
2013 1
2013 1
2013 1
2013 1
2013 1
2013 1
2013 1
2013 1
2013 2
2013 2
2013 2
2013 2
2013 2
2013 2
2013 2
2013 2
2013 2
2013 2
2013 2
2013 2
2013 2
2013 2
2013 3
2013 3
2013 3
2013 3
2013 3
2013 3
2013 3
2013 3
2013 3
2013 3
2013 3
2013 3
2013 3
2013 3
2013 3
2013 3
2013 3
2013 3
2013 3
2013 3
2013 3
2013 3
2013 3
2013 3
2013 3
2013 3
2013 3
2013 3
2013 3
2013 3
2013 3
2013 3
2013 3
2013 3
2013 3
2013 3
2013 3
2013 3
2013 3
2013 3
2013 3
2013 3
2013 3
2013 3
2013 3
2013 3
2013 3
2013 3
2013 3
2013 3
2013 3
2013 3
2013 3
2013 3
2013 3
2013 3
2013 3
2013 3
2013 3
2013 3
2013 3
2013 3
2013 3
2013 3
2013 3
2013 3
2013 3
2013 4
2013 4
2013 4
2013 4
2013 4
2013 4
2013 4
2013 4
2013 4
2013 4
2013 4
2013 4
2013 4
2013 4
2013 4
2013 4
2013 4
2013 4
2013 4
2013 4
2013 4
2013 4
2013 4
2013 4
2013 4
2013 4
2013 4
2013 4
2013 4
2013 4
2013 4
2013 4
2013 4
2014 4
2014 4
2014 4
2014 4
2014 4
2014 4
2014 4
2014 4
2014 4
2014 4
2014 4
2014 4
2014 4
2014 4
2014 4
2014 4
2014 4
2014 4
2014 4
2014 4
2014 4
2014 4
2014 4
2014 4
2014 4
2015 1
2015 1
2015 1
2015 1
2015 1
2015 1
2015 1
2015 1
2015 1
2015 1
2015 1
2015 1
2015 1
2015 1
2015 1
2015 1
2015 1
2015 1
2015 1
2015 1
2015 1
2015 1
2015 1
2015 1
2015 1
2015 1
2015 1
2015 1
2015 1
2015 1
2015 1
2015 1
2015 1
2015 1
