2006 10
2006 10
2006 10
2006 10
2006 10
2006 11
2006 11
2006 11
2006 11
2006 11
2006 11
2006 11
2006 11
2006 11
2006 11
2006 11
2006 11
2006 12
2006 12
2006 12
2006 12
2006 12
2006 12
2006 12
2006 12
2006 12
2006 12
2006 12
2006 12
2006 12
2006 12
2006 12
2006 12
2007 3
2007 3
2007 3
2007 3
2007 3
2007 3
2007 3
2007 3
2007 3
2007 3
2007 3
2007 3
2007 3
2007 3
2007 3
2007 3
2007 3
2007 3
2007 3
2007 3
2007 3
2007 3
2007 3
2007 3
2007 3
2007 3
2007 3
2007 3
2007 3
2007 3
2007 3
2007 3
2007 3
2007 3
2007 3
2007 3
2007 4
2007 4
2007 4
2007 4
2007 4
2007 4
2007 4
2007 4
2007 4
2007 4
2007 4
2007 4
2007 4
2007 4
2007 4
2007 4
2007 4
2007 4
2007 10
2007 10
2007 10
2007 10
2007 10
2007 10
2007 10
2007 10
2007 10
2007 10
2007 10
2007 10
2007 12
2007 12
2007 12
2007 12
2007 12
2007 12
2007 12
2007 12
2007 12
2007 12
2007 12
2007 12
2007 12
2007 12
2007 12
2007 12
2007 12
2007 12
2007 12
2007 12
2007 12
2007 12
2007 12
2007 12
2007 12
2007 12
2007 12
2007 12
2007 12
2007 12
2007 12
2007 12
2007 12
2007 12
2007 12
2007 12
2007 12
2007 12
2007 12
2007 12
2007 12
2007 12
2007 12
2007 12
2007 12
2007 12
2007 12
2007 12
2007 12
2007 12
2007 12
2007 12
2007 12
2007 12
2007 12
2007 12
2007 12
2007 12
2007 12
2007 12
2007 12
2007 12
2007 12
2007 12
2007 12
2007 12
2007 12
2007 12
2007 12
2007 12
2007 12
2007 12
2007 12
2007 12
2007 12
2007 12
2007 12
2007 12
2007 12
2007 12
2007 12
2007 12
2007 12
2007 12
2007 12
2007 12
2007 12
2007 12
2007 12
2007 12
2007 12
2007 12
2007 12
2007 12
2007 12
2007 12
2007 12
2007 12
2007 12
2007 12
2007 12
2007 12
2007 12
2007 12
2007 12
2007 12
2007 12
2007 12
2007 12
2007 12
2007 12
2007 12
2007 12
2007 12
2007 12
2007 12
2007 12
2007 12
2007 12
2007 12
2007 12
2007 12
2008 1
2008 1
2008 1
2008 1
2008 1
2008 1
2008 1
2008 1
2008 1
2008 1
2008 1
2008 1
2008 1
2008 1
2008 1
2008 1
2008 1
2008 1
2008 1
2008 1
2008 1
2008 1
2008 1
2008 1
2008 1
2008 1
2008 1
2008 1
2008 1
2008 1
2008 1
2008 1
2008 1
2008 1
2008 1
2008 1
2008 1
2008 1
2008 1
2008 1
2008 1
2008 1
2008 1
2008 1
2008 1
2008 1
2008 1
2008 1
2008 1
2008 1
2008 1
2008 1
2008 1
2008 1
2008 1
2008 1
2008 1
2008 1
2008 1
2008 1
2008 1
2008 1
2008 1
2008 1
2008 1
2008 1
2008 1
2008 1
2008 1
2008 1
2008 1
2008 1
2008 1
2008 1
2008 1
2008 1
2008 1
2008 1
2008 1
2008 1
2008 1
2008 4
2008 4
2008 4
2008 4
2008 4
2008 4
2008 4
2008 4
2008 4
2008 4
2008 4
2008 4
2008 4
2008 4
2008 4
2008 4
2008 4
2008 4
2008 4
2008 4
2008 4
2008 4
2008 4
2008 10
2008 10
2008 10
2008 10
2008 10
2008 10
2008 10
2008 10
2008 10
2008 10
2008 10
2008 10
2008 10
2008 10
2008 10
2008 10
2008 10
2008 10
2008 10
2008 10
2008 10
2008 10
2008 10
2008 10
2008 10
2008 10
2008 10
2008 10
2008 10
2008 10
2008 10
2008 10
2008 10
2008 10
2008 10
2008 10
2008 11
2008 11
2008 11
2008 11
2008 11
2008 11
2008 11
2008 12
2008 12
2008 12
2008 12
2008 12
2008 12
2008 12
2008 12
2008 12
2008 12
2008 12
2008 12
2008 12
2008 12
2008 12
2008 12
2008 12
2008 12
2008 12
2008 12
2008 12
2008 12
2008 12
2008 12
2008 12
2008 12
2008 12
2008 12
2008 12
2008 12
2008 12
2008 12
2008 12
2008 12
2008 12
2008 12
2008 12
2008 12
2008 12
2008 12
2008 12
2008 12
2008 12
2009 1
2009 1
2009 1
2009 1
2009 1
2009 1
2009 1
2009 1
2009 1
2009 1
2009 1
2009 1
2009 1
2009 1
2009 1
2009 1
2009 1
2009 1
2009 1
2009 1
2009 1
2009 1
2009 1
2009 1
2009 1
2009 1
2009 1
2009 1
2009 1
2009 1
2009 1
2009 1
2009 1
2009 1
2009 1
2009 1
2009 1
2009 1
2009 1
2009 1
2009 1
2009 1
2009 1
2009 1
2009 1
2009 1
2009 1
2009 1
2009 1
2009 1
2009 1
2009 1
2009 1
2009 1
2009 1
2009 4
2009 4
2009 4
2009 4
2009 4
2009 4
2009 4
2009 4
2009 5
2009 5
2009 5
2009 5
2009 5
2009 5
2009 5
2009 5
2009 5
2009 5
2009 5
2009 5
2009 12
2009 12
2009 12
2009 12
2009 12
2009 12
2009 12
2009 12
2009 12
2009 12
2009 12
2009 12
2009 12
2009 12
2009 12
2009 12
2009 12
2009 12
2009 12
2009 12
2009 12
2009 12
2009 12
2009 12
2009 12
2009 12
2009 12
2009 12
2009 12
2009 12
2009 12
2009 12
2009 12
2009 12
2010 1
2010 1
2010 1
2010 1
2010 1
2010 1
2010 1
2010 1
2010 1
2010 1
2010 1
2010 1
2010 1
2010 1
2010 1
2010 1
2010 1
2010 1
2010 1
2010 1
2010 1
2010 1
2010 1
2010 1
2010 1
2010 1
2010 1
2010 1
2010 1
2010 1
2010 1
2010 1
2010 1
2010 1
2010 1
2010 1
2010 1
2010 2
2010 2
2010 2
2010 2
2010 2
2010 2
2010 2
2010 2
2010 2
2010 2
2010 2
2010 2
2010 2
2010 2
2010 2
2010 3
2010 3
2010 3
2010 3
2010 3
2010 3
2010 3
2010 3
2010 3
2010 3
2010 3
2010 3
2010 3
2010 3
2010 3
2010 3
2010 3
2010 3
2010 3
2010 3
2010 3
2010 3
