2002 1
2002 1
2002 2
2002 2
2002 2
2002 2
2002 2
2002 2
2002 2
2002 2
2002 2
2002 2
2002 2
2002 2
2002 2
2002 2
2002 2
2002 2
2002 3
2002 3
2002 3
2002 3
2002 3
2002 3
2002 3
2002 3
2002 3
2002 3
2002 3
2002 3
2002 3
2002 3
2002 3
2002 3
2002 3
2002 3
2002 3
2002 3
2002 3
2002 3
2002 3
2002 3
2002 3
2002 3
2002 3
2002 3
2002 3
2002 3
2002 3
2002 3
2002 3
2002 3
2002 12
2002 12
2002 12
2002 12
2002 12
2002 12
2003 1
2003 1
2003 1
2003 1
2003 1
2003 1
2003 1
2003 1
2003 1
2003 1
2003 1
2003 1
2003 1
2003 1
2003 1
2003 1
2003 1
2003 1
2003 1
2003 1
2003 1
2003 1
2003 1
2003 1
2003 1
2003 1
2003 1
2003 12
2003 12
2003 12
2003 12
2003 12
2003 12
2004 1
2004 1
2004 1
2004 1
2004 1
2004 1
2004 1
2004 1
2004 1
2004 1
2004 1
2004 1
2004 1
2004 1
2004 1
2004 1
2004 1
2004 1
2004 1
2004 1
2004 1
2004 1
2004 1
2004 1
2004 1
2004 1
2004 1
2004 1
2004 1
2004 1
2004 1
2004 1
2004 1
2004 1
2004 1
2004 1
2004 1
2004 1
2004 1
2004 1
2004 1
2004 1
2004 1
2004 1
2004 1
2004 1
2004 1
2004 1
2004 1
2004 1
2004 1
2004 1
2004 1
2004 1
2004 1
2004 1
2004 1
2004 1
2004 1
2004 2
2004 2
2004 2
2004 2
2004 2
2004 2
2004 2
2004 2
2004 2
2004 2
2004 2
2004 2
2004 2
2004 2
2004 2
2004 2
2004 2
2004 3
2004 3
2004 3
2004 3
2004 3
2004 3
2004 3
2004 11
2004 11
2004 11
2004 11
2004 11
2004 11
2004 11
2004 11
2004 11
2004 11
2004 11
2004 11
2004 11
2004 11
2004 11
2004 11
2004 11
2004 11
2004 11
2004 11
2004 11
2004 11
2004 12
2004 12
2004 12
2004 12
2004 12
2004 12
2004 12
2004 12
2004 12
2004 12
2004 12
2004 12
2004 12
2004 12
2004 12
2004 12
2004 12
2004 12
2004 12
2004 12
2004 12
2004 12
2004 12
2004 12
2004 12
2004 12
2004 12
2004 12
2004 12
2004 12
2004 12
2004 12
2004 12
2004 12
2004 12
2004 12
2004 12
2004 12
2005 1
2005 1
2005 1
2005 1
2005 1
2005 1
2005 1
2005 1
2005 1
2005 1
2005 1
2005 1
2005 1
2005 1
2005 1
2005 1
2005 1
2005 1
2005 1
2005 1
2005 1
2005 1
2005 1
2005 1
2005 3
2005 3
2005 3
2005 3
2005 3
2005 3
2005 3
2005 3
2005 3
2005 3
2005 3
2005 3
2005 3
2005 3
2005 3
2005 3
2005 3
2005 11
2005 11
2005 11
2005 11
2006 3
2006 3
2006 3
2006 3
2006 3
2006 3
2006 3
2006 3
2006 3
2006 3
2006 3
2006 3
2006 3
2006 3
2006 3
2006 3
2006 3
2006 3
2006 3
2006 3
2006 3
2006 3
2006 3
2006 3
2006 3
2006 3
2006 3
2006 3
2006 3
2006 3
2006 3
2006 3
2006 3
2006 3
2006 3
2006 3
2006 3
2006 3
2006 3
2006 3
2006 3
2006 3
2006 3
2006 3
2006 3
2006 3
2006 3
2006 3
2006 11
2006 11
2006 11
2006 11
2006 11
2006 11
2006 11
2006 11
2006 11
2007 1
2007 1
2007 1
2007 1
2007 1
2007 2
2007 2
2007 2
2007 9
2008 1
2008 1
2008 1
2008 1
2008 1
2008 1
2008 1
2008 1
2008 3
2008 3
2008 3
2008 3
2008 3
2008 3
2008 3
2008 3
2008 3
2008 3
2008 3
2008 3
2008 3
2008 3
2008 3
2008 3
2008 3
2008 3
2008 3
2008 3
2008 3
2008 3
2008 3
2008 3
2008 3
2008 3
2008 3
2008 3
2008 3
2008 3
2008 3
2008 3
2008 3
2008 3
2008 3
2008 3
2008 3
2008 3
2008 3
2008 3
2008 3
2008 3
2008 3
2008 3
2008 3
2008 3
2008 3
2008 3
2008 3
2008 3
2008 3
2008 3
2008 3
2008 3
2008 3
2008 3
2008 3
2008 10
2008 10
2008 10
2008 11
2008 11
2008 11
2008 11
2008 11
2008 11
2008 11
2008 11
2008 11
2008 11
2008 11
2008 11
2008 11
2008 11
2008 11
2008 11
2008 11
2008 11
2008 11
2008 11
2008 11
2008 11
2008 11
2008 11
2008 11
2008 11
2008 11
2008 11
2009 2
2009 2
2009 2
2009 2
2009 2
2009 2
2009 2
2009 2
2009 2
2009 2
2009 2
2009 2
2009 2
2009 2
2009 2
2009 2
2009 2
2009 2
2009 2
2009 2
2009 2
2009 2
2009 2
2009 2
2009 2
2009 2
2009 2
2009 3
2009 3
2009 3
2009 3
2009 3
2009 3
2009 3
2009 3
2009 3
2009 3
2009 3
2009 3
2009 3
2009 3
2009 3
2009 3
2009 3
2009 3
2009 3
2009 3
2010 1
2010 1
2010 1
2010 1
2010 1
2010 1
2010 1
2010 2
2010 2
2010 2
2010 2
2010 2
2010 2
2010 2
2010 2
2010 3
2010 3
2010 3
2010 3
2010 3
2010 3
2010 3
2010 3
2010 3
2010 3
2010 3
2010 3
2010 3
2010 3
2010 3
2010 3
2010 3
2010 3
2010 3
2010 3
2010 3
2010 3
2010 3
2010 3
2010 3
2010 3
2010 3
2010 3
2010 3
2010 3
2010 3
2010 3
2010 3
2010 11
2010 11
2010 11
2010 11
2010 11
2010 11
2010 11
2011 2
2011 2
2011 2
2011 2
2011 2
2011 2
2011 2
2011 2
2011 2
2011 2
2011 2
2011 2
2011 2
2011 2
2011 2
2011 2
2011 2
2011 2
2011 2
2011 2
2011 2
2011 2
2011 2
2011 2
2011 2
2011 2
2011 2
2011 2
2011 3
2011 3
2011 3
2011 3
2011 3
2011 3
2011 3
2011 3
2011 3
2011 3
2011 3
2011 3
2011 3
2011 3
2011 3
2011 3
2011 3
2011 3
2011 3
2011 3
2011 3
2011 3
2011 3
2011 3
2011 3
2011 3
2011 3
2011 3
