2004 3
2004 3
2004 3
2004 3
2004 3
2004 11
2004 11
2004 11
2004 11
2004 11
2004 12
2004 12
2004 12
2004 12
2004 12
2004 12
2004 12
2004 12
2004 12
2004 12
2004 12
2004 12
2004 12
2004 12
2004 12
2004 12
2004 12
2004 12
2004 12
2004 12
2004 12
2004 12
2004 12
2004 12
2004 12
2004 12
2004 12
2004 12
2004 12
2004 12
2005 1
2005 1
2005 1
2005 1
2005 1
2005 1
2005 1
2005 1
2005 1
2005 1
2005 1
2005 11
2005 11
2005 11
2005 11
2005 11
2005 11
2005 11
2005 11
2005 11
2005 11
2005 11
2005 11
2005 11
2006 3
2006 3
2006 3
2006 3
2006 3
2006 3
2006 3
2006 3
2006 3
2006 3
2007 2
2007 2
2007 2
2007 2
2007 2
2007 2
2007 2
2007 2
2007 9
2007 9
2008 1
2008 1
2008 1
2008 1
2008 1
2008 1
2008 1
2008 1
2008 1
2008 1
2008 1
2008 3
2008 3
2008 3
2008 3
2008 3
2008 3
2008 3
2008 3
2008 3
2008 3
2008 3
2008 3
2008 3
2008 3
2008 3
2008 3
2008 3
2008 3
2008 3
2008 3
2008 3
2008 3
2008 3
2008 3
2008 3
2008 3
2008 3
2008 3
2008 3
2008 3
2008 3
2008 3
2008 3
2008 3
2008 3
2008 3
2008 3
2008 3
2008 3
2008 3
2008 3
2008 3
2008 3
2008 3
2008 3
2008 3
2008 3
2008 3
2008 3
2008 3
2008 3
2008 3
2008 3
2008 3
2008 3
2008 3
2008 3
2008 3
2008 3
2008 3
2008 10
2008 10
2008 10
2008 10
2008 10
2008 10
2008 10
2008 10
2008 10
2008 10
2008 10
2008 10
2008 10
2008 10
2008 10
2008 10
2008 10
2008 10
2008 10
2008 10
2008 10
2008 10
2008 10
2008 10
2008 10
2008 10
2008 10
2008 10
2008 10
2008 10
2008 11
2008 11
2008 11
2008 11
2008 11
2008 11
2008 11
2008 11
2008 11
2008 11
2008 11
2008 11
2008 11
2008 11
2009 2
2009 2
2009 2
2009 2
2009 2
2009 2
2009 2
2009 2
2009 2
2009 2
2009 2
2009 2
2009 2
2009 2
2009 2
2009 2
2009 2
2009 2
2009 2
2009 2
2009 2
2009 2
2009 2
2010 1
2010 1
2010 1
2010 1
2010 1
2010 1
2010 1
2010 1
2010 1
2010 1
2010 1
2010 1
2010 1
2010 1
2010 1
2010 1
2010 1
2010 1
2010 1
2010 1
2010 1
2010 1
2010 1
2010 1
2010 1
2010 1
2010 1
2010 1
2010 1
2010 2
2010 2
2010 2
2010 2
2010 2
2010 2
2010 2
2010 2
2010 2
2010 2
2010 2
2010 2
2010 2
2010 2
2010 2
2010 2
2010 2
2010 2
2010 2
2010 3
2010 3
2010 3
2010 3
2010 3
2010 3
2010 3
2010 3
2010 10
2010 10
2010 10
2010 10
2010 10
2010 10
2010 10
2010 10
2010 11
2010 11
2010 11
2010 11
2010 11
2010 11
2010 11
2010 11
2010 11
2010 11
2010 11
2010 11
2010 11
2010 11
2010 11
2010 11
2010 11
2010 12
2010 12
2010 12
2010 12
2010 12
2010 12
2010 12
2010 12
2010 12
2010 12
2010 12
2010 12
2010 12
2010 12
2010 12
2010 12
2010 12
2010 12
2010 12
2010 12
2010 12
2010 12
2010 12
2010 12
2010 12
2010 12
2010 12
2010 12
2010 12
2010 12
2010 12
2010 12
2010 12
2010 12
2010 12
2010 12
2010 12
2011 2
2011 2
2011 2
2011 2
2011 2
2011 2
2011 2
2011 2
2011 2
2011 2
2011 2
2011 2
2011 2
2011 2
2011 2
2011 2
2011 3
2011 3
2011 3
2011 3
2011 3
2011 3
2011 3
2011 3
2011 3
2011 3
2011 3
2011 3
2011 3
2011 3
2011 3
2011 3
2011 3
2011 3
2011 3
2011 3
2011 3
2011 3
2011 3
2011 3
2011 3
2011 3
2011 3
2011 3
2011 3
2011 3
2011 3
2011 3
2011 3
2011 3
2011 3
2011 3
2011 3
2011 3
2011 3
2011 12
2011 12
2011 12
2011 12
2011 12
2011 12
2011 12
2011 12
2011 12
2011 12
2011 12
2011 12
2011 12
2011 12
2011 12
2011 12
2011 12
2011 12
2011 12
2011 12
2011 12
2011 12
2011 12
2011 12
2011 12
2011 12
2011 12
2011 12
2011 12
2011 12
2011 12
2011 12
2011 12
2011 12
2011 12
2011 12
2011 12
2012 3
2012 3
2012 3
2012 3
2012 3
2012 3
2012 3
2012 3
2012 3
2012 3
2012 3
2012 3
2012 3
2012 3
2012 3
2012 3
2012 3
2012 3
2012 3
2012 3
2012 3
2012 3
2012 3
2012 3
2012 3
2014 12
2014 12
2014 12
2014 12
2014 12
2014 12
2015 2
2015 2
2015 2
2015 2
2015 2
2015 2
2015 2
2015 2
2015 2
2015 3
2015 10
2015 10
2015 10
2015 10
2015 10
2015 11
2015 11
2015 11
2015 11
2015 11
2015 11
2015 11
2015 11
2015 11
2015 11
2015 11
2015 11
2015 11
2015 11
2004 3
2004 3
2004 3
2004 3
2004 3
2004 2
2004 2
2004 2
2004 2
2004 1
2004 1
2004 1
2004 1
2004 1
2004 1
2004 1
2004 1
2004 1
2004 1
2004 1
2004 1
2004 1
2004 1
2004 1
2004 1
2004 1
2004 1
2004 1
2004 1
2004 1
2004 1
2004 1
2004 1
2004 1
2004 1
2004 1
2004 1
2004 1
2004 1
2004 1
2004 1
2004 1
2004 1
2004 1
2004 1
2004 1
2004 1
2004 1
2004 1
2004 1
2004 1
2004 1
2004 1
2004 1
